image_width: 640
image_height: 480
camera_name: narrow_stereo
camera_matrix:
  rows: 3
  cols: 3
  data: [552.1348 ,   0.     , 327.61431,
           0.     , 554.35352, 234.91693,
           0.     ,   0.     ,   1.     ]
distortion_model: plumb_bob
distortion_coefficients:
  rows: 1
  cols: 5
  data: [0.101804, -0.294554, -0.002081, -0.003418, 0.000000]
rectification_matrix:
  rows: 3
  cols: 3
  data: [1., 0., 0.,
         0., 1., 0.,
         0., 0., 1.]
projection_matrix:
  rows: 3
  cols: 4
  data: [551.89355,   0.     , 325.59952,   0.     ,
           0.     , 558.36066, 233.71978,   0.     ,
           0.     ,   0.     ,   1.     ,   0.     ]
