# oST version 5.0 parameters


[image]

width
640

height
480

[narrow_stereo]

camera matrix
552.134795 0.000000 327.614311
0.000000 554.353521 234.916933
0.000000 0.000000 1.000000

distortion
0.101804 -0.294554 -0.002081 -0.003418 0.000000

rectification
1.000000 0.000000 0.000000
0.000000 1.000000 0.000000
0.000000 0.000000 1.000000

projection
551.893555 0.000000 325.599518 0.000000
0.000000 558.360657 233.719783 0.000000
0.000000 0.000000 1.000000 0.000000
